{
 "cells": [
  {
   "cell_type": "markdown",
   "id": "da038a02",
   "metadata": {},
   "source": [
    "# Row-wise Normalization of a Random Matrix\n",
    "\n",
    "---\n",
    "\n",
    "### Problem Statement\n",
    "\n",
    "<code>\n",
    "Write a NumPy program to create a 5x5 array with random values and normalize it row-wise.\n",
    "</code>\n",
    "\n",
    "---\n"
   ]
  },
  {
   "cell_type": "code",
   "execution_count": 1,
   "id": "52937260",
   "metadata": {},
   "outputs": [
    {
     "name": "stdout",
     "output_type": "stream",
     "text": [
      "Original Array:\n",
      "[[0.33680169 0.48504582 0.22765246 0.89380177 0.82085652]\n",
      " [0.13349612 0.6984528  0.89596667 0.49989024 0.744605  ]\n",
      " [0.53317755 0.12473146 0.61983898 0.13067857 0.47551375]\n",
      " [0.68676393 0.01877826 0.67236274 0.32587091 0.99731446]\n",
      " [0.70027145 0.98906242 0.7245646  0.27933023 0.04816745]]\n",
      "Row-wise Normalized Array:\n",
      "[[0.12184602 0.17547686 0.08235869 0.32335405 0.29696437]\n",
      " [0.04491173 0.23497855 0.3014276  0.1681767  0.25050541]\n",
      " [0.28301191 0.06620776 0.32901201 0.0693645  0.25240383]\n",
      " [0.25425434 0.0069521  0.24892272 0.12064421 0.36922663]\n",
      " [0.25544336 0.36078785 0.26430496 0.10189342 0.01757041]]\n"
     ]
    }
   ],
   "source": [
    "import numpy as np\n",
    "\n",
    "arr = np.random.random((5, 5))\n",
    "\n",
    "row_sums = arr.sum(axis=1, keepdims=True)\n",
    "normalized = arr / row_sums\n",
    "\n",
    "print(\"Original Array:\")\n",
    "print(arr)\n",
    "print(\"Row-wise Normalized Array:\")\n",
    "print(normalized)\n"
   ]
  }
 ],
 "metadata": {
  "kernelspec": {
   "display_name": "Python 3",
   "language": "python",
   "name": "python3"
  },
  "language_info": {
   "codemirror_mode": {
    "name": "ipython",
    "version": 3
   },
   "file_extension": ".py",
   "mimetype": "text/x-python",
   "name": "python",
   "nbconvert_exporter": "python",
   "pygments_lexer": "ipython3",
   "version": "3.14.2"
  }
 },
 "nbformat": 4,
 "nbformat_minor": 5
}
